0 -3.78771e-05 11421 0 4 14 1 26 0
4 -6.1533e-06 13142 0 4 14 4 3 11
14 -2.08027e-05 11314 0 4 14 14 27 13
1 -7.38136e-06 41114 1 26 0 2 5 1
26 -6.5144e-06 31141 1 26 0 25 26 28
2 -3.64226e-05 21411 2 5 1 3 2 8
5 -6.57512e-06 41114 2 5 1 6 23 5
3 -2.22444e-05 11314 3 2 8 4 3 11
8 -6.78358e-06 13142 3 2 8 8 9 7
11 -7.42657e-06 41131 4 3 11 11 12 10
6 -3.74991e-05 21411 6 23 5 7 18 6
23 -6.2645e-06 42114 6 23 5 24 23 25
7 -2.08741e-05 11314 7 18 6 8 9 7
18 -5.99189e-06 13142 7 18 6 19 20 18
9 -7.05822e-06 14131 8 9 7 10 17 9
10 -7.91903e-06 14141 10 17 9 11 12 10
17 -3.69167e-05 11411 10 17 9 15 17 19
12 -3.53008e-05 12411 11 12 10 13 12 16
13 -6.32433e-06 31124 13 12 16 14 27 13
16 -2.2939e-05 11341 13 12 16 16 15 22
27 -8.63908e-06 14113 14 27 13 28 29 27
15 -7.81848e-06 31114 15 17 19 16 15 22
19 -8.16516e-06 31141 15 17 19 19 20 18
22 -6.82016e-06 41113 16 15 22 22 21 29
20 -1.99909e-05 14211 19 20 18 21 20 24
21 -5.64849e-06 14142 21 20 24 22 21 29
24 -3.90212e-05 21421 21 20 24 24 23 25
29 -3.583e-05 11411 22 21 29 28 29 27
25 -2.0995e-05 11314 24 23 25 25 26 28
28 -8.37806e-06 41113 25 26 28 28 29 27
