0.050000000000000002776 -2.3467898618495017793 0.0004299019803413433715
0.10000000000000000555 -3.1267442246917727111 0.00086048313129786417695
0.1500000000000000222 -4.0859396154134710599 0.0014215521359734273679
0.2000000000000000111 -4.2377064005146989345 0.0023508176032737445986
0.25 1.4393140275153291086 0.0028853308162598212058
0.2999999999999999889 3.6768502481663292158 0.0040511476009829306896
0.3499999999999999778 -1.1993077382021777311 0.0055525063318133255352
0.39999999999999996669 -6.2347147084398439887 0.0060146809221717969368
0.44999999999999995559 -17.329661695021084 0.0057021679901347486694
0.49999999999999994449 -30.466505434227642013 0.0056250491128231206589
0.54999999999999993339 -38.677811118478359731 0.0052121553748827251229
0.5999999999999999778 -52.142578981295471863 0.0045990274210377908928
0.6500000000000000222 -66.224831793350091402 0.0051275395500421034126
0.70000000000000006661 -79.614517469618874657 0.0065256124640874326251
0.75000000000000011102 -95.277818967984956089 0.0075300629041942252623
0.80000000000000015543 -115.71818053082019162 0.0081253234936132651134
0.85000000000000019984 -135.6241832929653981 0.0088528731554756209116
0.90000000000000024425 -154.72597989214898462 0.0092228829813016215133
0.95000000000000028866 -175.63024828882200268 0.0098256187298491493715
1.000000000000000222 -195.316173192754718 0.010875188076428329853
1.0500000000000002665 -215.81279682146637811 0.01293028040387718576
1.1000000000000003109 -238.66756082922418614 0.015162958250796731291
1.1500000000000003553 -268.21303353443778406 0.016191754679112858872
1.2000000000000003997 -296.90426610987168488 0.016605284030971910469
1.2500000000000004441 -321.55839059854480411 0.017220302810056476589
1.3000000000000004885 -345.71678878333591456 0.019197069328425502704
1.3500000000000005329 -368.41987525301243522 0.020376821394980083185
1.4000000000000005773 -390.91012223191762587 0.020215381570724947485
1.4500000000000006217 -408.18759018818491313 0.022775722582868265786
1.5000000000000006661 -424.92275574540229854 0.024770454376080896369
1.5500000000000007105 -448.11016452541565513 0.024903199064844901145
1.600000000000000755 -479.48828226445050404 0.024441159679112683251
1.6500000000000007994 -511.05640683770394617 0.024494203502792570581
1.7000000000000008438 -544.77257022766980299 0.024481975433308274248
1.7500000000000008882 -574.05042290906351354 0.024103677498608085811
1.8000000000000009326 -604.92803935515519242 0.023703311005965690961
1.850000000000000977 -633.87393416335953589 0.024375296967891105226
1.9000000000000010214 -655.19051940936037681 0.024531018484058728785
1.9500000000000010658 -680.53923566625019248 0.021965390266068758607
2.0000000000000008882 -704.21137154762720911 0.020165071366774336287
2.0500000000000007105 -724.71675244339837718 0.021002122182111816751
2.1000000000000005329 -738.60194040729561493 0.023027628580522881141
2.1500000000000003553 -749.03138569398970503 0.02335965714460427195
2.2000000000000001776 -756.01790009934836689 0.02306982791324022411
2.25 -769.45397924544022317 0.022361688711027977172
2.2999999999999998224 -782.52945266785161493 0.021703798399503138744
2.3499999999999996447 -794.35638820572978602 0.022321154179870818929
2.3999999999999994671 -809.26509042563509411 0.02278671998900225551
2.4499999999999992895 -823.39431686022192025 0.023910314679278347333
2.4999999999999991118 -836.81300108666380311 0.024994693499387713592
2.5499999999999989342 -844.69212974475374267 0.025197617960198225029
2.5999999999999987566 -851.55247914379310714 0.026241218913200463347
2.6499999999999985789 -859.71282919557188507 0.026766201235611099957
2.6999999999999984013 -868.35378355080547408 0.026778500943815810448
2.7499999999999982236 -874.61046741918471525 0.027185827914505536484
2.799999999999998046 -879.89042600839388797 0.028467655277843968015
2.8499999999999978684 -892.25164934392591931 0.027397539932044315258
2.8999999999999976907 -910.66306337542960136 0.027113388299454171948
2.9499999999999975131 -928.74309007399426719 0.029608651767876654343
2.9999999999999973355 -942.25992126930520953 0.030414968638549391006
3.0499999999999971578 -956.20804406765228123 0.032309016077060291605
3.0999999999999969802 -967.64230735198805178 0.032527803177965011749
3.1499999999999968026 -981.21294317516515093 0.030250207071737797437
3.1999999999999966249 -994.642799266398697 0.027949936902651493359
3.2499999999999964473 -1008.9681891292729006 0.027679669095048705513
3.2999999999999962697 -1023.2696623682581958 0.028708078454524117717
3.349999999999996092 -1042.6639348393132423 0.028434134033642886885
3.3999999999999959144 -1062.6468915499472132 0.029120519958753730144
3.4499999999999957367 -1084.9327607069087662 0.030144783521859966346
3.4999999999999955591 -1099.8701252621042386 0.029893043478056938872
3.5499999999999953815 -1115.4249247257628213 0.031098267600544671901
3.5999999999999952038 -1128.9941197658886267 0.034119552013687902414
3.6499999999999950262 -1142.4074646808608122 0.036799855604568401657
3.6999999999999948486 -1157.5303466229584046 0.038874924797907897678
3.7499999999999946709 -1173.9290873920297145 0.039737026581281156834
3.7999999999999944933 -1198.5640231779843816 0.041489276779683219309
3.8499999999999943157 -1221.8232770987019649 0.040113327653212800528
3.899999999999994138 -1241.2825505523758238 0.038275173423425200292
3.9499999999999939604 -1261.5888321863640158 0.038380617184445783852
3.9999999999999937828 -1276.0853378869962853 0.03924905651676759144
4.0499999999999936051 -1294.6067108933395957 0.040105950452732228029
4.0999999999999934275 -1308.6181143641545077 0.040406700072619990138
4.1499999999999932498 -1317.6341806339546565 0.040396289907357350868
4.1999999999999930722 -1323.9094587920287722 0.040812967962800345001
4.2499999999999928946 -1329.2044274320392105 0.041635623742577863859
4.2999999999999927169 -1334.5338212219708112 0.042758627904583242085
4.3499999999999925393 -1335.1244317794030394 0.044528510501241715114
4.3999999999999923617 -1334.1246031838279578 0.045614912645701111149
4.449999999999992184 -1335.4353768667690474 0.048122423526706321895
4.4999999999999920064 -1337.5939860762077842 0.049996372174045573822
4.5499999999999918288 -1347.7683089390386613 0.051313112064639287979
4.5999999999999916511 -1354.0156277530097668 0.052971593549803214218
4.6499999999999914735 -1358.7202101982616114 0.056143499134534154138
4.6999999999999912959 -1367.3471597960078725 0.058866328113093432939
4.7499999999999911182 -1378.3516067305467914 0.058299162829670382602
4.7999999999999909406 -1383.2319670874444455 0.058350523399807958935
4.8499999999999907629 -1389.031728800186329 0.061856912038607131388
4.8999999999999905853 -1388.6230144153983019 0.065692906976929976715
4.9499999999999904077 -1391.9918431736025468 0.066828593621368947986
4.99999999999999023 -1396.3445122658083619 0.068501243037611472819
5.0499999999999900524 -1403.3141067771268808 0.07060431223575405757
5.0999999999999898748 -1417.1049900671496289 0.072118994473325523376
5.1499999999999896971 -1436.416546638867203 0.074202666264299832477
5.1999999999999895195 -1450.9399388966025981 0.07634394511568384778
5.2499999999999893419 -1465.0001331643754838 0.078407341907301197903
5.2999999999999891642 -1479.6153586122109118 0.077825085780363581489
5.3499999999999889866 -1487.9824107235253905 0.075955246851564670041
5.399999999999988809 -1498.8871129193285014 0.075560883139178469659
5.4499999999999886313 -1510.9914039549880727 0.076819865760600292148
5.4999999999999884537 -1528.5430201737669904 0.080511648765814097795
5.549999999999988276 -1546.0751486666802066 0.082219637050210708784
5.5999999999999880984 -1565.4449686322382149 0.083098113657198213744
5.6499999999999879208 -1587.2026737447381493 0.083692853514529166881
5.6999999999999877431 -1611.3209110255299947 0.084873756377685363739
5.7499999999999875655 -1635.2873800778461373 0.088365528960620734478
5.7999999999999873879 -1660.7819707883888896 0.092294408320604079399
5.8499999999999872102 -1687.3817047927559543 0.095161896236956311501
5.8999999999999870326 -1715.2602570921171719 0.09937079885310119709
5.949999999999986855 -1735.6986457677185172 0.10325131144965848939
5.9999999999999866773 -1759.7997936858687353 0.10522965447789067728
6.0499999999999864997 -1788.9811135441204897 0.10738775132498248888
6.0999999999999863221 -1822.9131693606118461 0.10998529906741151552
6.1499999999999861444 -1855.2937810826563236 0.11109017655188242746
6.1999999999999859668 -1888.8043112480679611 0.11323711453176012187
6.2499999999999857891 -1923.8694426944259703 0.1170380491385235866
6.2999999999999856115 -1960.5564137862838834 0.11627116545899980615
6.3499999999999854339 -1996.6553811834398857 0.11252717190973116068
6.3999999999999852562 -2026.9761644372570117 0.10891225896707175391
6.4499999999999850786 -2058.3007310209309253 0.10584893581515400496
6.499999999999984901 -2094.9003998805451374 0.10883953207041152655
6.5499999999999847233 -2132.2831623578626932 0.11656398333154927016
6.5999999999999845457 -2174.5787596835339173 0.12280878115568499842
6.6499999999999843681 -2218.3192732509842244 0.12690003810459146716
6.6999999999999841904 -2264.0933977899521778 0.12863113497870187762
6.7499999999999840128 -2317.1725545615931878 0.13238595327143964919
6.7999999999999838352 -2364.2253854013433738 0.13320002482262993659
6.8499999999999836575 -2405.7349740485101393 0.12914368753789867705
6.8999999999999834799 -2437.7249853916810025 0.12780177926536828714
6.9499999999999833022 -2467.4300659389914472 0.12857065288041652495
6.9999999999999831246 -2491.4613740627009975 0.13165443613600005812
7.049999999999982947 -2524.8203551147080361 0.13377507884182282538
7.0999999999999827693 -2562.6419983598302679 0.13413021708382835695
7.1499999999999825917 -2601.6047528414096632 0.13731247979079691524
7.1999999999999824141 -2637.9128665321777589 0.14037740100728113291
7.2499999999999822364 -2671.1670172124559031 0.1391149018790478753
7.2999999999999820588 -2701.8068421600742113 0.13680770696029595501
7.3499999999999818812 -2729.7296452596820018 0.13521132173054073444
7.3999999999999817035 -2763.1355044181364065 0.13445957877124900537
7.4499999999999815259 -2797.594564238564999 0.1381672668725402453
7.4999999999999813483 -2833.1516889196236662 0.14479524731627055334
7.5499999999999811706 -2871.845686877225944 0.1491931251409612802
7.599999999999980993 -2913.5436375981089441 0.14928249546385419233
7.6499999999999808153 -2954.8565435190289463 0.14856815552241367517
7.6999999999999806377 -2995.7217007419426409 0.14938794098516602893
7.7499999999999804601 -3031.7246546769151792 0.15454737447015598484
7.7999999999999802824 -3065.3529240012512673 0.16019324581151966891
7.8499999999999801048 -3089.8201912539534533 0.16030699468984618838
7.8999999999999799272 -3110.5026790439742399 0.16151982405054654546
7.9499999999999797495 -3125.0626604427448001 0.16717778085455356485
7.9999999999999795719 -3140.1356968386821791 0.17326071205332074787
8.0499999999999793943 -3154.8783836456250356 0.17671139478247965826
8.0999999999999801048 -3170.9968774453518563 0.17880602084561672549
8.1499999999999808153 -3184.5553670732233513 0.18092652956929722308
8.1999999999999815259 -3196.4210016710626405 0.18255446950750961466
8.2499999999999822364 -3207.2822192430212453 0.18622086557488740088
8.299999999999982947 -3220.13505964689557 0.18767346400604009715
8.3499999999999836575 -3238.4856207883981369 0.18712687860092222514
8.3999999999999843681 -3259.4374053621336316 0.18838288241220288444
8.4499999999999850786 -3284.8229810126913435 0.1890505441708583978
8.4999999999999857891 -3313.9916312450791338 0.18874688631117411686
8.5499999999999864997 -3342.7798476754533112 0.18876895999909831803
8.5999999999999872102 -3371.0340082312368395 0.18617482508327887203
8.6499999999999879208 -3400.6067879887928029 0.18419992836122575652
8.6999999999999886313 -3427.1171811243857519 0.18311514896363503824
8.7499999999999893419 -3454.6889573931734958 0.17690533060436386403
8.7999999999999900524 -3482.8258752225237913 0.17199881102537972755
8.8499999999999907629 -3515.4956134374947396 0.17228349387990124497
8.8999999999999914735 -3549.3239132117578265 0.17086471482405246602
8.949999999999992184 -3587.4752920285186519 0.16869506039802853459
8.9999999999999928946 -3623.8214598262075015 0.16988300530627009621
9.0499999999999936051 -3664.5756631920339714 0.16899079102193087509
9.0999999999999943157 -3700.3404953949325318 0.17134655316435548622
9.1499999999999950262 -3739.2877327000483092 0.17729675696396254847
9.1999999999999957367 -3778.8411216086847162 0.18224113160428423441
9.2499999999999964473 -3819.7955752682983075 0.18404836121589845943
9.2999999999999971578 -3860.0493733308981064 0.18352481775036513789
9.3499999999999978684 -3898.9196945167677768 0.18473671438636823927
9.3999999999999985789 -3943.5152971754546343 0.187545781570434833
9.4499999999999992895 -3995.6912096844271218 0.19035407311926741403
9.5 -4053.5561681495091761 0.19348802648954380179
9.5500000000000007105 -4110.1426471110771672 0.19417491842743264674
9.6000000000000014211 -4164.1317102806160619 0.18941525952302490365
9.6500000000000021316 -4221.8178322988242144 0.18264731733219738419
9.7000000000000028422 -4274.7110681612603003 0.17803959430304491796
9.7500000000000035527 -4328.9342504935648321 0.18084061773496171166
9.8000000000000042633 -4380.7554100320121506 0.18081894052245967019
9.8500000000000049738 -4430.333162301102675 0.17586757643488559744
9.9000000000000056843 -4474.1848854627023684 0.17915575965785082713
9.9500000000000063949 -4516.3897375625329005 0.18702083942072239564
