0.050000000000000002776 -1.2765313205001400654 -0.0001144124156884008983
0.099999999999999991673 -0.33334146292222560648 -0.00010744963660362099483
0.14999999999999999445 -1.0643439822402733785 -0.00010722678109378847803
0.20000000000000003886 -3.2841135093282174395 -0.00010498158949262144097
0.25000000000000005551 -3.5906275483477791965 -0.00010144307165098512366
0.30000000000000009992 -2.1971420919031330321 -9.5441737564281808686e-05
0.35000000000000014433 -2.4950501995460210303 -8.8292340171823856547e-05
0.40000000000000018874 -1.9673826009616894872 -9.0420378433642338112e-05
0.45000000000000023315 0.032068183912508152478 -9.3409192441654218669e-05
0.50000000000000022204 -0.69209313306108699582 -8.3959474333383769134e-05
0.55000000000000004441 0.43301824881297457104 -0.00010528604413187768506
0.59999999999999986677 0.31429626516446590445 -9.8740297054681017293e-05
0.64999999999999968914 1.0622655268678156126 -8.8039779556691648375e-05
0.6999999999999995115 3.1798193890315888943 -8.3202723604950773418e-05
0.74999999999999933387 4.0894460621779717968 -9.0784430918915801794e-05
0.79999999999999915623 4.1541010890412692902 -8.9012167037328976827e-05
0.84999999999999897859 6.7198661892814772756 -9.9911112310455233191e-05
0.89999999999999880096 8.9090808613048455555 -0.00010339947160162625778
0.94999999999999862332 11.178489409514652309 -0.00010734037539652195852
0.99999999999999844569 11.837301657554094803 -0.00010449702646272590351
1.0499999999999982681 11.804362881261610596 -0.00010806289127185175541
1.0999999999999980904 13.700804324799680245 -0.00010634103146888079555
1.1499999999999979128 14.983258634769901718 -0.00010034250441105672859
1.1999999999999977351 14.600882192320492337 -9.6384232232468895827e-05
1.2499999999999975575 15.396334138087246046 -9.4357454281663493204e-05
1.2999999999999973799 16.263677187180327621 -9.6179862537559119261e-05
1.3499999999999972022 17.75509882087409963 -0.00010626247696670382422
1.3999999999999970246 18.316634934903191834 -0.00010497258240998185201
1.449999999999996847 19.375814782738594033 -0.00010766677691198509883
1.4999999999999966693 19.62516046352112653 -9.4669234789261354299e-05
1.5499999999999964917 17.535480990991686667 -9.4891132972706884545e-05
1.5999999999999963141 16.146938451705171502 -8.8732391336999349085e-05
1.6499999999999961364 15.547180569623408886 -8.4592205502543915728e-05
1.6999999999999959588 16.050752756102685481 -8.6804941352709342355e-05
1.7499999999999957812 16.001867464173169964 -8.2173721197650604676e-05
1.7999999999999956035 16.135254105843728212 -7.7546049528553641209e-05
1.8499999999999954259 17.43224607639828605 -7.7246750382291349928e-05
1.8999999999999952482 15.516231445846162984 -7.928560347115340347e-05
1.9499999999999950706 16.588933616648922964 -8.7414846685634025507e-05
1.999999999999994893 15.497514581852309234 -8.5683809349433907258e-05
2.0499999999999953815 15.583383390755395581 -8.2234734671709331473e-05
2.099999999999996092 15.596596252284882667 -7.6464292177160685321e-05
2.1499999999999968026 15.481888081101777388 -7.3165546865414587355e-05
2.1999999999999975131 14.083334369343781134 -6.7788325982543335942e-05
2.2499999999999982236 12.75863584134068951 -7.2077417745078744323e-05
2.2999999999999989342 11.609046938549198558 -7.6391563298497982735e-05
2.3499999999999996447 8.6755244241466265009 -6.0169046711614881506e-05
2.4000000000000003553 4.6242232518468906477 -6.8806326337890472014e-05
2.4500000000000010658 1.4382809319974265705 -6.2393014210586453553e-05
2.5000000000000017764 1.3923506857062306619 -5.9199012329244735282e-05
2.5500000000000024869 3.7493797430219433231 -6.1796751278494929617e-05
2.6000000000000031974 4.3742106392207027454 -5.9134980008308072621e-05
2.650000000000003908 2.4625942148513173535 -5.6584144189002926655e-05
2.7000000000000046185 4.1098208629396255631 -6.7872138768715638063e-05
2.7500000000000053291 3.811926137855889074 -7.2127329297463302913e-05
2.8000000000000060396 1.0247979890113048107 -6.1657620363488643269e-05
2.8500000000000067502 0.79796791685125167959 -6.5784992024615115535e-05
2.9000000000000074607 1.3886146665626779573 -7.1368202245433452259e-05
2.9500000000000081712 0.94954801510359454486 -6.5822972135613999839e-05
3.0000000000000088818 -3.0304346525603649276 -5.999995231905372664e-05
3.0500000000000095923 -8.1632576933402578589 -5.8667187738851604229e-05
3.1000000000000103029 -12.222850747102633306 -6.065602393874247795e-05
3.1500000000000110134 -15.296314115246692822 -6.1493765554193499613e-05
3.200000000000011724 -15.848848270722033504 -7.6067949515123972496e-05
3.2500000000000124345 -15.751847268050662265 -7.9555712393568540387e-05
3.300000000000013145 -16.230593597276410378 -7.701942777140784375e-05
3.3500000000000138556 -16.817396090753362614 -7.3325673385387659352e-05
3.4000000000000145661 -19.004190547674326695 -5.7138394232531189844e-05
3.4500000000000152767 -18.672453270027205008 -5.1402640868769002794e-05
3.5000000000000159872 -20.813735256419754194 -4.0576754700336105657e-05
3.5500000000000166978 -22.060267982995693359 -4.2043155529940614851e-05
3.6000000000000174083 -20.898945617608163161 -3.8825276393652738156e-05
3.6500000000000181188 -20.694180884856304914 -3.4430230629680535397e-05
3.7000000000000188294 -22.631324377563583283 -3.955297146748717324e-05
3.7500000000000195399 -22.616985133568849875 -3.9952741646232355554e-05
3.8000000000000202505 -21.122370014157180407 -3.5010665421258816733e-05
3.850000000000020961 -21.69053811346408267 -4.7927516588947200772e-05
3.9000000000000216716 -21.838905314432011551 -4.6891188702041997549e-05
3.9500000000000223821 -21.612229960505448645 -3.9644806302378138036e-05
4.0000000000000230926 -22.783483225434032704 -3.5529870406236985962e-05
4.0500000000000238032 -22.583478237103967956 -3.9583299660982134869e-05
4.1000000000000245137 -21.968722114083593766 -2.6873254980377074943e-05
4.1500000000000252243 -22.728903980897595005 -1.4256454294418957965e-05
4.2000000000000259348 -22.300665520425823729 -2.6499580841907508346e-05
4.2500000000000266454 -23.793173025170101909 -2.7679202701906872007e-05
4.3000000000000273559 -25.055960595017111814 -4.4350499175964581706e-05
4.3500000000000280664 -24.597029192681915788 -2.955845731840823045e-05
4.400000000000028777 -25.541602849236852535 -3.1214290618511531601e-05
4.4500000000000294875 -24.635445754494586623 -4.322463879593413643e-05
4.5000000000000301981 -25.967955481363286907 -3.6476666111888921776e-05
4.5500000000000309086 -24.170934835203226498 -3.8416958805737218014e-05
4.6000000000000316192 -25.265060694344722236 -4.2421718100499425808e-05
4.6500000000000323297 -24.758497312607495644 -3.7105740151981131793e-05
4.7000000000000330402 -24.945120251999227889 -4.5273830666146434388e-05
4.7500000000000337508 -25.534350567682118083 -2.7165674900460972069e-05
4.8000000000000344613 -24.159408993546328759 -2.5629300956444493308e-05
4.8500000000000351719 -24.877833112702344209 -2.6797289968737451546e-05
4.9000000000000358824 -25.946119044604923687 -1.3359113114959759961e-05
4.950000000000036593 -24.941990626737194248 -2.2269736896354293135e-05
5.0000000000000373035 -23.789224269697690772 -2.0185201312824304493e-05
5.050000000000038014 -21.681321234025528355 -8.0333490451990982205e-06
5.1000000000000387246 -24.334392027291453786 -8.0268854512929963419e-06
5.1500000000000394351 -27.833040442641699741 -1.5878994553610026319e-05
5.2000000000000401457 -29.579440247339185532 -6.9734546765709592205e-06
5.2500000000000408562 -31.335235418859767265 -8.6324297150514462795e-06
5.3000000000000415668 -31.612329913577905671 -5.2584406236295792598e-06
5.3500000000000422773 -31.665901212067026904 1.4838378804274442776e-05
5.4000000000000429878 -30.325296996256671633 1.6618041874898333531e-05
5.4500000000000436984 -27.722752209355782327 1.1486659961449047305e-05
5.5000000000000444089 -29.64084944190547688 2.2318364460073244517e-05
5.5500000000000451195 -32.283904695255507988 1.7660899181207401166e-05
5.60000000000004583 -32.959710225597333988 1.3883009309603749513e-05
5.6500000000000465405 -29.989494241956627718 2.9047064173999781423e-05
5.7000000000000472511 -27.923437653418694993 4.8559821710637487849e-05
5.7500000000000479616 -28.849254308199668628 5.9922207103062658786e-05
5.8000000000000486722 -27.884156144530098942 5.348411102440553508e-05
5.8500000000000493827 -28.577118792192521823 5.4456724264031406953e-05
5.9000000000000500933 -29.502777403210103557 5.5929324860774456583e-05
5.9500000000000508038 -32.11268294353958197 6.7463274844405658292e-05
6.0000000000000515143 -32.505304817749724577 5.6952088740141163957e-05
6.0500000000000522249 -31.710269790152789682 7.8379722273409459981e-05
6.1000000000000529354 -30.537026025207008928 7.1910569587238358123e-05
6.150000000000053646 -32.639065531588641988 0.00011373286602866032569
6.2000000000000543565 -33.363626474133710076 0.00011641184751112718956
6.2500000000000550671 -32.468893017477846286 0.00011702623617330634904
6.3000000000000557776 -31.597818815946467907 0.000130183430769757535
6.3500000000000564881 -32.154667937337229944 0.00014886949535814899084
6.4000000000000571987 -31.058170013484016181 0.00014200396678333280826
6.4500000000000579092 -31.838756113568454253 0.00016413874696589683027
6.5000000000000586198 -31.791491717117562388 0.00018065170723218691934
6.5500000000000593303 -31.002714536122560673 0.00016213852607986737079
6.6000000000000600409 -31.487595546111506906 0.00015881849307235759803
6.6500000000000607514 -30.809015496576044768 0.0001826403713515108477
6.7000000000000614619 -31.450141434837615151 0.00018173185742645925887
6.7500000000000621725 -31.119984515181407403 0.00023646755823238070149
6.800000000000062883 -29.309822234367935323 0.00023999922644715439377
6.8500000000000635936 -26.447913575709353751 0.00021695350127591886674
6.9000000000000643041 -28.375993349523618292 0.00027034494030315781845
6.9500000000000650147 -30.071431422767648911 0.00027905845970754568179
7.0000000000000657252 -30.74072368347476214 0.00024677891274768202958
7.0500000000000664357 -30.997710581986765987 0.00024025443178409171068
7.1000000000000671463 -34.360695655238203017 0.00024569089303933758922
7.1500000000000678568 -36.341138762525289962 0.00024340627331693122826
7.2000000000000685674 -38.141941138950691936 0.00024719310988190754466
7.2500000000000692779 -38.941343736839371559 0.0002673805001024780973
7.3000000000000699885 -41.977666081927431208 0.00026675984225929137619
7.350000000000070699 -44.086052716008381935 0.00030417836474591093817
7.4000000000000714095 -45.743727143578752248 0.00029917660934227478147
7.4500000000000721201 -44.593616464661387511 0.00031113200313559051698
7.5000000000000728306 -44.030033678775730266 0.00035335297920092572114
7.5500000000000735412 -45.624772013002285576 0.00037503529778019277334
7.6000000000000742517 -49.227619764409396907 0.00038757129859226616695
7.6500000000000749623 -51.399966189317879639 0.00039546554155614412236
7.7000000000000756728 -50.840121870819821481 0.00036988809042977317332
7.7500000000000763833 -49.115404709027046692 0.00041239428437198874825
7.8000000000000770939 -50.329977555320944305 0.00042453533129292611668
7.8500000000000778044 -54.018538482896424568 0.00049284959890674858666
7.900000000000078515 -53.433032761844195591 0.00046609290860072204047
7.9500000000000792255 -53.698317473916723941 0.00046529503961289782419
8.0000000000000799361 -53.09145180463067959 0.00053287464662870817362
8.0500000000000770939 -52.913138574427463823 0.00059061746718924929608
8.1000000000000742517 -51.478189225428280906 0.00055616613047843477952
8.1500000000000714095 -49.017548452641086953 0.00056256737224128373215
8.2000000000000685674 -47.986608607039165975 0.00061546518996106786177
8.2500000000000657252 -48.309642220076462138 0.00067191664806599382242
8.300000000000062883 -46.818262918381066129 0.00068410479076170898315
8.3500000000000600409 -46.743549124463235955 0.00064658756705321808293
8.4000000000000571987 -48.665306557932467513 0.00053832045982431827973
8.4500000000000543565 -51.08837753635869916 0.00054707781309601551892
8.5000000000000515143 -52.706677027730762575 0.00067193805927484953101
8.5500000000000486722 -53.567365547884911336 0.00073588413157986507646
8.60000000000004583 -56.434048451428040494 0.00077522524076078288408
8.6500000000000429878 -63.385490674954787949 0.00076473266028810995068
8.7000000000000401457 -69.845193775305673967 0.0008064191716817260781
8.7500000000000373035 -78.365893420540672309 0.00097053654986856315035
8.8000000000000344613 -86.482041741148961478 0.0010409911885568632738
8.8500000000000316192 -95.746557680759067921 0.0010658794727480384607
8.900000000000028777 -106.23926483676976318 0.001168174584031131738
8.9500000000000259348 -118.03674645042416103 0.0010585319405988938366
9.0000000000000230926 -127.92431260982263552 0.00096498924145026307615
9.0500000000000202505 -135.50723183463665578 0.001005775000287417861
9.1000000000000174083 -144.22018235611247405 0.00097584171161749721189
9.1500000000000145661 -154.3325848394918296 0.00086209855742977394184
9.200000000000011724 -163.02787555332221814 0.00085721073481467250244
9.2500000000000088818 -169.33838450140999043 0.00077935212973136700799
9.3000000000000060396 -175.67012088450377405 0.00081084747960079848507
9.3500000000000031974 -184.3278747973639895 0.00086889628194789902526
9.4000000000000003553 -191.58714799966463715 0.00085903984229485541753
9.4499999999999975131 -198.3807500193211979 0.00078950785339943873719
9.4999999999999946709 -204.98320656609701018 0.00080824670664509810827
9.5499999999999918288 -211.37240844128706385 0.00085313072554677241415
9.5999999999999889866 -216.22722224792693169 0.00085561279485046122691
9.6499999999999861444 -220.76923089846033577 0.00087746350362400999268
9.6999999999999833022 -220.93837809825546969 0.00078917022469302141284
9.7499999999999804601 -219.43228194872321524 0.00079232407143924445201
9.7999999999999776179 -218.21462904406698158 0.00080010027836910412122
9.8499999999999747757 -216.02858782372854307 0.00084277364638937280264
9.8999999999999719336 -217.42575072330646435 0.00077548132819878472927
9.9499999999999690914 -217.56036476153326475 0.00078115124312064763978
