0.049999999999999995837 -1.2360118362415304372 -0.00011408390586571390062
0.10000000000000001943 -0.30141016277586529792 -0.00011494894769605215189
0.15000000000000004996 -0.97728495779909130281 -0.00011538546947324815329
0.20000000000000009437 -3.2886857466824670482 -0.00011505392377468657162
0.25000000000000011102 -4.4602806390945275439 -0.00011599871776923424943
0.29999999999999993339 -3.4635978848161070864 -0.00011623953335168001012
0.34999999999999975575 -2.6903903752343651945 -0.00011548893072269996265
0.39999999999999957812 -4.1597021262104574291 -0.00011471214242307617632
0.44999999999999940048 -3.3661314633819285902 -0.00011580208144651302693
0.49999999999999922284 -1.8266083715318606195 -0.00011539572590844507762
0.54999999999999904521 0.7923770901789315424 -0.00011565143102561879621
0.59999999999999886757 2.5126867896237259359 -0.00011588479947173741837
0.64999999999999868994 3.9452182508690620821 -0.00011554983984470075672
0.6999999999999985123 3.4866588893668080118 -0.00011544506835191827216
0.74999999999999833467 2.9082436027046298932 -0.00011479420785018756759
0.79999999999999815703 2.0859671980560863247 -0.00011520558433045040552
0.84999999999999797939 -0.60384901379897726326 -0.00011533946001733279426
0.89999999999999780176 -2.6479253516958523029 -0.00011887233481942173648
0.94999999999999762412 -4.0950748431304377917 -0.00011632976630747293863
0.99999999999999744649 -2.4343017184330837388 -0.00011658234917271399311
1.049999999999998046 -4.1925690654346343678 -0.00011618667556087202927
1.0999999999999987566 -2.3843962660964126421 -0.0001151427977448553526
1.1499999999999994671 -2.5346196858233565052 -0.00011647918199349166838
1.2000000000000001776 -3.7716955454414691218 -0.00011605021684873352453
1.2500000000000008882 -4.8519926410896143665 -0.00011487706596298329
1.3000000000000015987 -4.0909881212058234468 -0.00011557807298111290339
1.3500000000000023093 -1.648959368674936421 -0.00011715227235474886701
1.4000000000000030198 0.23075826190155948603 -0.00011482500988989112424
1.4500000000000037303 -0.64988401910714121978 -0.00011451942069263919147
1.5000000000000044409 0.41961996281546498633 -0.00011489723055852826405
1.5500000000000051514 1.3359518199108251224 -0.00011526898913959042015
1.600000000000005862 0.7976219760187905905 -0.00011648502678873928404
1.6500000000000065725 0.47458508252428749374 -0.00011498679959299351475
1.7000000000000072831 -0.088812054729748596271 -0.00011739581261653011992
1.7500000000000079936 0.047836623126183863697 -0.0001143158854021426678
1.8000000000000087041 -1.8542916024436493228 -0.00011437135605679269888
1.8500000000000094147 -2.9998951773093294193 -0.00011459229006274512081
1.9000000000000101252 -2.9975609528867335207 -0.00011503346273939523098
1.9500000000000108358 -3.9290471723468201048 -0.00011532332887684914138
2.0000000000000115463 -4.4233963304810481887 -0.00011720403946624578047
2.0500000000000122569 -5.4615782073994330048 -0.00011546954848645597596
2.1000000000000129674 -7.8926391668281024039 -0.00011529137234611219948
2.1500000000000136779 -10.453924679031123546 -0.00011407462744520848017
2.2000000000000143885 -12.000229432263925133 -0.00011527318895455075588
2.250000000000015099 -10.973978469181977502 -0.00011455129645695691885
2.3000000000000158096 -12.085920275470908081 -0.0001155323074964490301
2.3500000000000165201 -11.879662269608065372 -0.00011514538263420164965
2.4000000000000172307 -11.725893085283965789 -0.00011454339918598297919
2.4500000000000179412 -11.610087861163108869 -0.00011518797049077584334
2.5000000000000186517 -10.920543194623610006 -0.00011546844471718191645
2.5500000000000193623 -11.20610033372623171 -0.00011428247337017682526
2.6000000000000200728 -11.911723691162720229 -0.00011448543303199331896
2.6500000000000207834 -13.430563064479091651 -0.00011623854347705134737
2.7000000000000214939 -11.73718533073355097 -0.00011371250269150926654
2.7500000000000222045 -10.383031207014619568 -0.00011382964751774768332
2.800000000000022915 -9.2638625740313980117 -0.00011330448924697442007
2.8500000000000236255 -8.7473738443983695134 -0.00011513457775751394924
2.9000000000000243361 -9.6332585363781593202 -0.00011464386769436098949
2.9500000000000250466 -9.5310053308956543816 -0.00011440986741595917807
3.0000000000000257572 -9.5658500309523191163 -0.00011537573432720632733
3.0500000000000264677 -8.5156088971180459168 -0.00011563296581681364406
3.1000000000000271783 -7.3097635785066703562 -0.00011480581897128995018
3.1500000000000278888 -5.595675713351859315 -0.00011529111631684362622
3.2000000000000285993 -2.8874519116174379718 -0.00011517444700822090356
3.2500000000000293099 -1.8280115377546506394 -0.00011368165942325325038
3.3000000000000300204 -3.8717353957597779868 -0.00011511299637527463665
3.350000000000030731 -3.5090293197373365608 -0.00011681975198900781412
3.4000000000000314415 -2.8841755405672384605 -0.00011393073560746792567
3.4500000000000321521 -3.1332212665245453564 -0.00011571349197823715613
3.5000000000000328626 -2.4887079832761620501 -0.00011733047911869319557
3.5500000000000335731 -2.7330330445293991026 -0.00011510043633987555997
3.6000000000000342837 -3.7363034648743709276 -0.00011622381955116749188
3.6500000000000349942 -2.7872507293834956066 -0.00011525614479763611649
3.7000000000000357048 -2.9847612794615527854 -0.00011506270173101744122
3.7500000000000364153 -3.8946137988963842602 -0.00011682038623022509888
3.8000000000000371259 -3.0007289531234229152 -0.00011542371921048795447
3.8500000000000378364 -2.7873518800269083684 -0.00011633684694711478216
3.9000000000000385469 -2.4804173400402205196 -0.00011562899639387788555
3.9500000000000392575 -1.9816227501492063023 -0.00011515491137119182748
4.000000000000039968 -2.5582295630946649823 -0.00011534432684945048495
4.0500000000000371259 -1.8840132200091419534 -0.00011549918826881042642
4.1000000000000342837 -0.46677750247673749362 -0.00011678565269576717195
4.1500000000000314415 -1.3247915782002459562 -0.00011677616732534630865
4.2000000000000285993 -3.4015709353571308426 -0.00011735539908925329334
4.2500000000000257572 -4.3363047066576045907 -0.00011518943908061345918
4.300000000000022915 -4.5140290651499688224 -0.00011590890756042331348
4.3500000000000200728 -4.6489248067363506678 -0.00011399421744835586405
4.4000000000000172307 -4.9126732082136994606 -0.00011518438448083275112
4.4500000000000143885 -3.1866120402159356928 -0.0001149688847796544503
4.5000000000000115463 -2.6324881509365267718 -0.00011587260375378316535
4.5500000000000087041 -2.5598848152088304886 -0.00011512050141341815981
4.600000000000005862 -2.952525608774291932 -0.00011444907377566687862
4.6500000000000030198 -2.1905918451324390972 -0.00011636894067812305037
4.7000000000000001776 -2.5469163099053147015 -0.00011512681194359704144
4.7499999999999973355 -2.3672264748888789399 -0.00011474719840955541835
4.7999999999999944933 -3.7277215437391517661 -0.00011432628931390073374
4.8499999999999916511 -3.8696789537455487107 -0.00011766834165210974617
4.899999999999988809 -2.6092019391286149776 -0.00011513437853577569475
4.9499999999999859668 -3.0015693346939813502 -0.00011692466118253276304
4.9999999999999831246 -2.649477937555781093 -0.0001148839182354606807
5.0499999999999802824 -2.260401575811634256 -0.00011497093548415847244
5.0999999999999774403 -2.5608326792835551799 -0.00011581028152789960256
5.1499999999999745981 -1.8351479454850532225 -0.00011466427067802549718
5.1999999999999717559 -1.8820507645658008933 -0.00011705646394852784202
5.2499999999999689138 -3.3545020859810064096 -0.00011531809104989982056
5.2999999999999660716 -4.6552895063999937264 -0.00011636937491198815647
5.3499999999999632294 -7.1370118191501914495 -0.00011664381926677200503
5.3999999999999603872 -8.3317239626410426467 -0.00011596780518934816234
5.4499999999999575451 -10.160874804810273275 -0.00011634179917089523489
5.4999999999999547029 -10.427402600100172947 -0.00011589560308510307089
5.5499999999999518607 -11.184180378984821758 -0.00011577569751738164459
5.5999999999999490186 -11.68371015724224371 -0.00011576201855357698997
5.6499999999999461764 -12.328233564444799342 -0.00011504144385799672864
5.6999999999999433342 -14.483853701188522223 -0.00011464656564159360873
5.749999999999940492 -15.712991697385563228 -0.0001152533669308888469
5.7999999999999376499 -15.32234103058965502 -0.00011634037216868599318
5.8499999999999348077 -15.735684544452677613 -0.00011478124264424620523
5.8999999999999319655 -15.052908992457062709 -0.00011779008833862056652
5.9499999999999291234 -16.21887681990614638 -0.00011438914899531065579
5.9999999999999262812 -15.305673779861468375 -0.00011517949901479862908
6.049999999999923439 -14.418735710222124524 -0.00011543292394410689411
6.0999999999999205968 -15.061609606184985566 -0.00011672978601490142719
6.1499999999999177547 -15.745765597444401962 -0.00011531911125022105619
6.1999999999999149125 -14.911038863687050338 -0.00011579585195884246147
6.2499999999999120703 -15.085590693583604605 -0.00011566970459072191488
6.2999999999999092282 -15.556458307031091337 -0.00011459419431696831262
6.349999999999906386 -15.984481383144034439 -0.00011492317911657299776
6.3999999999999035438 -14.653654148884616149 -0.00011572489932213885877
6.4499999999999007017 -16.462484923901101297 -0.00011508769114147174913
6.4999999999998978595 -17.34305009365519723 -0.00011518397977252400194
6.5499999999998950173 -16.720078428398892356 -0.00011661951230977648619
6.5999999999998921751 -15.294314166315283288 -0.00011586637796362871588
6.649999999999889333 -15.58491852891805074 -0.00011455356882293366006
6.6999999999998864908 -16.993611370679975181 -0.00011506468524164200165
6.7499999999998836486 -17.841339624684881215 -0.00011516034857049678214
6.7999999999998808065 -18.868950981348334039 -0.0001147477547912184229
6.8499999999998779643 -18.462120701118124089 -0.00011512742961058556105
6.8999999999998751221 -18.197648462366000643 -0.00011654934970440158394
6.9499999999998722799 -18.784662805499454663 -0.00011454763551389493981
6.9999999999998694378 -20.09735327708471786 -0.00011536456010666890602
7.0499999999998665956 -21.894985020160000033 -0.00011388341055953269429
7.0999999999998637534 -20.541676873067782338 -0.00011525540683565870166
7.1499999999998609113 -17.810138037440079728 -0.00011522293681323774492
7.1999999999998580691 -14.743215016287427588 -0.00011542367479748115357
7.2499999999998552269 -12.192365306788623514 -0.00011594056651506022299
7.2999999999998523847 -11.840110227243815899 -0.00011433903822289555601
7.3499999999998495426 -12.866183401838046763 -0.00011344922480440082046
7.3999999999998467004 -14.015606360066085401 -0.00011386506955402773402
7.4499999999998438582 -14.161457977866009017 -0.00011346298256293808166
7.4999999999998410161 -16.190432230219322207 -0.00011315181489839474973
7.5499999999998381739 -16.25385538950510167 -0.00011478896255563778841
7.5999999999998353317 -15.918885770892920561 -0.0001138689562356250129
7.6499999999998324896 -14.845656549224903742 -0.00011358016271022573871
7.6999999999998296474 -16.168870266843494932 -0.00011402509834512294571
7.7499999999998268052 -16.601331830277462842 -0.00011447367666712786121
7.799999999999823963 -16.831378682295742522 -0.00011299761705273918874
7.8499999999998211209 -16.761769866371757587 -0.00011318870941800326555
7.8999999999998182787 -19.448460073715143182 -0.00011418107194888037605
7.9499999999998154365 -20.692667602904936786 -0.00011349219931709322938
7.9999999999998125944 -22.271778683522661879 -0.00011381674766235502392
8.0499999999998106404 -21.346831185072943526 -0.0001126643064441609581
8.0999999999998077982 -21.925397163426595171 -0.00011373643401622117954
8.149999999999804956 -20.681118573152595275 -0.00011401213041996061679
8.1999999999998021138 -20.894364002588549312 -0.0001137128451434821192
8.2499999999997992717 -21.25231770491091865 -0.00011286896748215316565
8.2999999999997964295 -21.16840940967742668 -0.00011435289598597260909
8.3499999999997935873 -20.120354729002137617 -0.00011367832844671165989
8.3999999999997907452 -21.00863788131448473 -0.00011373546520094296084
8.449999999999787903 -20.891673982207471738 -0.00011353888356369173072
8.4999999999997850608 -19.80566658168927674 -0.00011408217814071269444
8.5499999999997822187 -21.045345103224477157 -0.00011469983535438575586
8.5999999999997793765 -22.583212008310205476 -0.00011308294437190107235
8.6499999999997765343 -22.670658427097755805 -0.00011269082972970045388
8.6999999999997736921 -21.456577088457724045 -0.00011587682782376979257
8.74999999999977085 -21.317416655329783026 -0.00011335670962924050502
8.7999999999997680078 -21.743916270573361516 -0.00011403102353062195612
8.8499999999997651656 -23.520639037002734284 -0.00011397421554748202047
8.8999999999997623235 -22.905238311288037778 -0.00011499855344076959811
8.9499999999997594813 -21.66984946202142126 -0.00011500264469486153626
8.9999999999997566391 -21.284584208818486672 -0.00011511815283547958771
9.0499999999997537969 -20.615181392258801196 -0.00011399586546722506261
9.0999999999997509548 -19.197192392970563901 -0.00011443248259620207325
9.1499999999997481126 -19.036115264783003198 -0.00011524287295795946468
9.1999999999997452704 -18.3158652384115328 -0.0001148030659084782652
9.2499999999997424283 -17.551732409701596538 -0.0001177325297561488505
9.2999999999997395861 -18.006800016388602614 -0.00011423040296471629175
9.3499999999997367439 -19.48930534032698958 -0.00011343647836403637373
9.3999999999997339017 -18.756113429596528164 -0.00011499633319691051399
9.4499999999997310596 -18.622531817591216452 -0.00011506528945261902902
9.4999999999997282174 -18.81314859634419534 -0.00011716793013337261069
9.5499999999997253752 -18.934498701489804517 -0.00011477128204103950607
9.5999999999997225331 -18.030938610980879133 -0.00011332490833631367788
9.6499999999997196909 -19.102171652244784639 -0.00011421373605742337113
9.6999999999997168487 -18.470322191026614433 -0.00011536615728428033288
9.7499999999997140065 -18.320441214906860949 -0.00011574917903159502911
9.7999999999997111644 -18.932421527009804407 -0.00011363532336657286331
9.8499999999997083222 -19.283164704385313826 -0.00011516196742788548579
9.89999999999970548 -20.402967971581553286 -0.00011729597905668790261
9.9499999999997026379 -19.741886607043518609 -0.00011497815548897958433
