0.050000000000000002776 -1.6291936865759897302 4.5259767004536132114e-05
0.10000000000000000555 -2.5823390428080088554 9.7457377520546506814e-05
0.14999999999999999445 -4.566612888755130939 0.00019743234461932628347
0.19999999999999998335 -2.8928208343775194678 0.00035468703090353473698
0.24999999999999997224 -0.45125095695954131614 0.00060935354784340538432
0.2999999999999999889 0.93902394938136679592 0.00082416554706359079242
0.35000000000000003331 5.8732075563846102284 0.0010348571408576568396
0.40000000000000007772 10.768149744601107187 0.0010815606881812299574
0.45000000000000012212 14.022450202284517218 0.0013732394900522208649
0.50000000000000011102 17.45826111009630921 0.001832129030549041861
0.55000000000000015543 19.768692896053412511 0.0018554752852993736285
0.60000000000000019984 20.805941120656388676 0.0018913694344659785513
0.65000000000000024425 23.601454906643219545 0.0025677106338797789191
0.70000000000000028866 22.517373814523296005 0.0029852274609537222602
0.75000000000000033307 21.303536233109987563 0.0038024243976439286302
0.80000000000000037748 19.266014145146403536 0.004307317992338343185
0.85000000000000042188 13.246066863770753486 0.0045411057696477397788
0.90000000000000046629 6.3913651773173389969 0.0043877605214113560295
0.9500000000000005107 3.4890503741142868677 0.0048696564585396888425
1.0000000000000004441 4.6409211213971737209 0.0054128095116982351959
1.0500000000000002665 2.5467449677851745626 0.0061300818882448456296
1.1000000000000000888 -0.84039321302646008416 0.006523246727234797461
1.1499999999999999112 -3.0645898823976769343 0.0070370023942404723999
1.1999999999999997335 -2.5988429179217500398 0.0076899547214457917091
1.2499999999999995559 -0.24721587347850493277 0.0084240176695583729449
1.2999999999999993783 0.22338532819333625778 0.0093412526073003085414
1.3499999999999992006 3.2583861946447516544 0.0095998264287395999178
1.399999999999999023 6.5389056315345293058 0.0098273297613709550968
1.4499999999999988454 5.835669899441153774 0.0099282499949115733673
1.4999999999999986677 2.7603838097615200908 0.0096985567491539928509
1.5499999999999984901 -1.5528289327986408708 0.0098131221374864636975
1.5999999999999983125 -6.2238796186240321617 0.011129782816913571034
1.6499999999999981348 -12.100590410034213207 0.011258621734755634713
1.6999999999999979572 -18.120506512578945291 0.013285782026687627255
1.7499999999999977796 -27.031952528019498772 0.013511062664465001149
1.7999999999999976019 -35.966979107571958707 0.014135298027180534866
1.8499999999999974243 -48.521410155091011518 0.012929446065094626558
1.8999999999999972466 -62.689611191303654891 0.012879856088088607879
1.949999999999997069 -75.789684065936853585 0.012845273796111788406
1.9999999999999968914 -87.427947861268648921 0.013681358099802969075
2.0499999999999967137 -98.331314624510298472 0.013584218166986069404
2.0999999999999965361 -107.61864917552718168 0.013628319762452177633
2.1499999999999963585 -115.95529304386236902 0.013818781432742139464
2.1999999999999961808 -119.60016249344901951 0.013050335062700214525
2.2499999999999960032 -125.22291964370974426 0.013846897935588815126
2.2999999999999958256 -129.79401621184817373 0.013808225451787432478
2.3499999999999956479 -133.86414074490039638 0.013896747073813772028
2.3999999999999954703 -138.69656414159408087 0.013958334307509564012
2.4499999999999952927 -145.07443169372970715 0.012983959064904270972
2.499999999999995115 -147.92068513874346536 0.013856033293294120132
2.5499999999999949374 -148.8057612063679187 0.01406763956531773864
2.5999999999999947597 -150.26740761103795307 0.013470192991852671799
2.6499999999999945821 -148.45617364369257984 0.013642830242802245211
2.6999999999999944045 -141.79775701919874109 0.014016030977011307429
2.7499999999999942268 -135.78427692143534955 0.014430709227713809512
2.7999999999999940492 -130.30362101409372144 0.014043155205810571584
2.8499999999999938716 -122.77493820903353594 0.015194403511331732587
2.8999999999999936939 -112.61927753552413378 0.015691523028696936076
2.9499999999999935163 -100.64616571209934648 0.016955614589737336151
2.9999999999999933387 -86.635092044856989446 0.016196865109611116584
3.049999999999993161 -75.786314465201016333 0.015253172529374574296
3.0999999999999929834 -65.692180710134493893 0.014604227905328259415
3.1499999999999928058 -57.742209929482591235 0.014079250732140237076
3.1999999999999926281 -51.060764839599968923 0.014041242995546199951
3.2499999999999924505 -47.427261083678509124 0.015117434609456685546
3.2999999999999922728 -45.718410893512462678 0.015401417959642078187
3.3499999999999920952 -47.22572072931031073 0.015181117497815123374
3.3999999999999919176 -49.914889561802723961 0.01441779821325813761
3.4499999999999917399 -53.931649198062352468 0.014125749270792646931
3.4999999999999915623 -59.839207952062388074 0.014840052942945511014
3.5499999999999913847 -69.644177453059342042 0.014984238468673277689
3.599999999999991207 -82.25543079966863047 0.014953209431899436646
3.6499999999999910294 -95.441411054038383099 0.015019124974347422205
3.6999999999999908518 -108.75261654208559037 0.015513264278262188164
3.7499999999999906741 -121.83165231577640952 0.013625621926505685627
3.7999999999999904965 -135.64674191682664173 0.013020145788964421901
3.8499999999999903189 -151.25769282862839304 0.012086893548940260898
3.8999999999999901412 -164.6729429601041943 0.011847346947092400951
3.9499999999999899636 -177.88891698172224665 0.012439029846846331659
3.9999999999999897859 -191.44862334344441024 0.0130316350503743867
4.0499999999999900524 -205.63943381912943664 0.01319525722341969784
4.0999999999999907629 -219.80506307777616826 0.014345625993401764364
4.1499999999999914735 -235.3382628546277715 0.014770851683281823255
4.199999999999992184 -250.19331397403053074 0.015391228336662036644
4.2499999999999928946 -263.499927682965847 0.017156002814219084573
4.2999999999999936051 -278.50994784967809892 0.017742079592816848571
4.3499999999999943157 -291.8698167057850128 0.016940257653568387142
4.3999999999999950262 -305.36305823846197427 0.015741212633489820583
4.4499999999999957367 -318.09374100906882177 0.015323296175542479997
4.4999999999999964473 -334.47249098608364193 0.016454149463286112109
4.5499999999999971578 -354.69048205474098268 0.01777694230897676822
4.5999999999999978684 -375.92039712761931014 0.01916754070175282279
4.6499999999999985789 -395.42067352196937691 0.018877923388591424242
4.6999999999999992895 -417.97642333518967916 0.020698345577480584123
4.75 -439.6706995223300396 0.020157750145260666663
4.8000000000000007105 -458.2778994302599358 0.021110205991139985998
4.8500000000000014211 -479.79866282925081578 0.021936461839702603438
4.9000000000000021316 -504.78799350723318184 0.021609986032732609457
4.9500000000000028422 -530.41675236628668699 0.02136337554843652925
5.0000000000000035527 -557.54868618417970083 0.02237707089225837026
5.0500000000000042633 -587.15512522064557288 0.022429198830248082974
5.1000000000000049738 -619.89408443432466811 0.024672075272358387488
5.1500000000000056843 -652.00621920940272958 0.025318464355758442397
5.2000000000000063949 -684.10004384119963561 0.025272646759038997627
5.2500000000000071054 -719.50142991149198224 0.025765271796080284339
5.300000000000007816 -756.59218272077839629 0.027285932529273214386
5.3500000000000085265 -797.7177290490649284 0.027534196598043576831
5.4000000000000092371 -836.87774484176645728 0.026820374264351576343
5.4500000000000099476 -872.07533425093515689 0.025427544759277002223
5.5000000000000106581 -908.24649591422689809 0.026933351457001188101
5.5500000000000113687 -947.73282739027047228 0.027415218341088488929
5.6000000000000120792 -988.77757432078544753 0.027897482482374787172
5.6500000000000127898 -1031.9448215755505771 0.028461644660618793529
5.7000000000000135003 -1075.4390250801566253 0.029536670373731647304
5.7500000000000142109 -1121.5394047632080401 0.03003669190633402597
5.8000000000000149214 -1168.2245835283354154 0.031887344874734414868
5.8500000000000156319 -1218.6085824791150571 0.032527034419988193337
5.9000000000000163425 -1265.706217687174103 0.031647120633486389152
5.950000000000017053 -1312.0162258216587361 0.032846429586971682968
6.0000000000000177636 -1359.7237992380387368 0.033465540830312417997
6.0500000000000184741 -1404.6140817097400486 0.032624943093005322192
6.1000000000000191847 -1447.5279778867104596 0.03118826766737857123
6.1500000000000198952 -1488.3766778111639724 0.029745376037863896501
6.2000000000000206057 -1529.3925396414967963 0.029541117944606745671
6.2500000000000213163 -1571.2078010526006437 0.031298441760363705788
6.3000000000000220268 -1617.139254872510719 0.031698169357608739494
6.3500000000000227374 -1662.9081190046895244 0.032361061582571681861
6.4000000000000234479 -1705.6727773979043832 0.031340215312355097776
6.4500000000000241585 -1748.7144923290643419 0.033604464470734014825
6.500000000000024869 -1794.344692292629361 0.035128200041642299034
6.5500000000000255795 -1837.573104577988488 0.034158258547116224224
6.6000000000000262901 -1877.492738934513909 0.033607080835806463215
6.6500000000000270006 -1917.957461118764968 0.036714949522791140435
6.7000000000000277112 -1959.0824523998410314 0.036904791317371933579
6.7500000000000284217 -1999.1109439980923526 0.036821258123138106422
6.8000000000000291323 -2038.9079771457554671 0.037661398775160587205
6.8500000000000298428 -2079.3833197827202639 0.039766173927746728545
6.9000000000000305533 -2123.3431577932910841 0.041944588087151409017
6.9500000000000312639 -2172.4229442484311221 0.041475397281470004207
7.0000000000000319744 -2220.7172649510507654 0.039662864027308938897
7.050000000000032685 -2268.6053066608469635 0.037982808358081876499
7.1000000000000333955 -2314.7345571357304834 0.038840934869794056794
7.1500000000000341061 -2360.3176085691929984 0.039099598035155412601
7.2000000000000348166 -2401.7189469978729903 0.038846526001928581573
7.2500000000000355271 -2444.239081456364147 0.041223812408564215748
7.3000000000000362377 -2489.063317317075871 0.041347648907584612366
7.3500000000000369482 -2530.7789691980333373 0.039694387268408438951
7.4000000000000376588 -2574.4877606024356282 0.039709451947076465639
7.4500000000000383693 -2613.9579985974869487 0.040318200957662822526
7.5000000000000390799 -2651.562953226517493 0.044288292803727632996
7.5500000000000397904 -2685.7521238542240098 0.043671556171035248728
7.6000000000000405009 -2719.1326345794700501 0.044423298949393535962
7.6500000000000412115 -2749.1701364573586943 0.043263060268899006244
7.700000000000041922 -2779.8433490563029409 0.04439731894181440236
7.7500000000000426326 -2810.0112956138723348 0.043675448936566253766
7.8000000000000433431 -2843.3951223678050155 0.042308630613466728654
7.8500000000000440536 -2877.5243349671441138 0.040663300157643363086
7.9000000000000447642 -2911.0952964204934688 0.040996616653282552667
7.9500000000000454747 -2943.9410060135719505 0.038292830351614307038
8.0000000000000461853 -2979.7398994127856895 0.038082305511120906338
8.0500000000000468958 -3014.5784594688352627 0.038708434186688310541
8.1000000000000476064 -3049.7493463383389098 0.040053185211056406556
8.1500000000000483169 -3085.3173097381936714 0.039456364822061128217
8.2000000000000490274 -3119.2359862150624394 0.03830614620158478284
8.250000000000049738 -3151.676841717035586 0.036846540480783847304
8.3000000000000504485 -3182.9656110832720515 0.037667850905747396473
8.3500000000000511591 -3212.5331914884359321 0.039444174097167675197
8.4000000000000518696 -3245.0643510840750423 0.038983210869594255021
8.4500000000000525802 -3278.4782013293306591 0.037850251830849189483
8.5000000000000532907 -3314.5636263142669122 0.038302909539191506982
8.5500000000000540012 -3348.4808882626343802 0.036416164040262134771
8.6000000000000547118 -3383.7794045796413229 0.037374430942331018923
8.6500000000000554223 -3420.1295822826964468 0.036390904931765652441
8.7000000000000561329 -3456.9413318100109791 0.036273843107360870253
8.7500000000000568434 -3494.0874133995098418 0.034583507212924552432
8.800000000000057554 -3535.0461134470233446 0.0365735189659518109
8.8500000000000582645 -3577.1391646302163281 0.03743158256279914553
8.900000000000058975 -3619.1988947714671667 0.038157494116511765647
8.9500000000000596856 -3660.5046141243319653 0.039160645347341357936
9.0000000000000603961 -3700.6533776688670514 0.039770361065475698381
9.0500000000000611067 -3742.6878843086615234 0.04012911921147540445
9.1000000000000618172 -3787.6327549230195473 0.042404852518532876182
9.1500000000000625278 -3831.8861398425742664 0.041477133568764978921
9.2000000000000632383 -3873.2857605193162271 0.04187537416969968479
9.2500000000000639488 -3915.855682567745589 0.040254858169272496327
9.3000000000000646594 -3955.4504431721065885 0.039566184456882896869
9.3500000000000653699 -3994.8864681061477313 0.04176749256635515356
9.4000000000000660805 -4035.9486281791810143 0.041068696925470091208
9.450000000000066791 -4076.4980571877886177 0.039456841364919989501
9.5000000000000675016 -4113.9546019697199881 0.037739192288578617129
9.5500000000000682121 -4149.8582104177094152 0.037575451721425005835
9.6000000000000689226 -4190.2392008800652548 0.039461428879467991271
9.6500000000000696332 -4228.0425664594176851 0.039417102662990206874
9.7000000000000703437 -4264.841122234714021 0.039266455038576848768
9.7500000000000710543 -4301.9506727740163115 0.0395049818042135098
9.8000000000000717648 -4336.8888881267630495 0.038880611496269867899
9.8500000000000724754 -4372.7206220874086284 0.038311410612896272532
9.9000000000000731859 -4411.3228748847768657 0.037302390629396033062
9.9500000000000738964 -4447.1615499110039309 0.039239354225791805986
