0.05000000000000003747 1.459398237058095571 1.4034714701834762357e-08
0.10000000000000007494 1.2913409517498963819 1.3789910585199414488e-07
0.14999999999999732991 0.81049933556284892155 1.0368830368729384501e-06
0.19999999999999182321 -0.39601893769997376094 5.2563237738326737489e-06
0.2499999999999863165 -2.3518688675032728419 6.4890799743924835563e-06
0.29999999999998083755 -3.7685618750334817229 1.5610488382357149615e-06
0.34999999999997533084 -4.3652472104106836426 2.171552584735686009e-07
0.39999999999996982414 -4.5788088483898112813 2.433354425533966181e-08
0.44999999999996431743 -4.6398149149773253441 4.8384874034029539412e-10
0.49999999999995881073 -4.6175855447219831262 7.5447890250966395715e-09
0.54999999999997550848 -4.4867621652323101955 8.6795626071738342102e-08
0.59999999999999220623 -4.1011030887707953241 6.7862125559356635573e-07
0.65000000000000890399 -3.0936996702008969784 3.9724055453258776816e-06
0.70000000000002560174 -1.2180718501533420728 7.3565265385627705093e-06
0.7500000000000422995 0.40294588744815662551 2.3003888499188343695e-06
0.80000000000005899725 1.1388804174755007281 3.3945296255434556632e-07
0.85000000000007569501 1.4083404820812115421 4.0515440456537567149e-08
0.90000000000009239276 1.4927999261208810822 2.0336271672490555126e-09
0.95000000000010909051 1.4878296767325731587 3.5520380179868946156e-09
1.0000000000001256772 1.3877565779244180888 5.3960252062608627939e-08
1.0500000000000979661 1.079739507751472205 4.3950860209082581486e-07
1.1000000000000702549 0.25068079936558007592 2.8478412561046837623e-06
1.1500000000000425437 -1.4782214401369768719 7.5742011007238756412e-06
1.2000000000000148326 -3.2746286313336945284 3.2864356236654249973e-06
1.2499999999999871214 -4.1746819582158574136 5.2671746694074582751e-07
1.2999999999999594102 -4.5129288423438058686 6.5821037207506111029e-08
1.3499999999999316991 -4.62505389694924407 4.9638400539381201555e-09
1.3999999999999039879 -4.6370937795238891255 1.2476608149490066131e-09
1.4499999999998762767 -4.5627890691158219383 3.2924010940207465556e-08
1.4999999999998485656 -4.3178938840702292268 2.8235658001794161719e-07
1.5499999999998208544 -3.6426116179200991319 1.9652686237042022838e-06
1.5999999999997931432 -2.1041376309856483218 7.0627043878342453756e-06
1.6499999999997654321 -0.18615498126327403861 4.4937914353404187547e-06
1.6999999999997377209 0.90160009965021825629 8.1006397302596341422e-07
1.7499999999997100097 1.3243749222062943804 1.0527313513825960551e-07
1.7999999999996822986 1.4697384717522219422 9.8685679821588062266e-09
1.8499999999996545874 1.4993915890833056093 1.642434945219854565e-10
1.8999999999996268762 1.4471457229797142219 1.9493983005844567303e-08
1.9499999999995991651 1.2535628561684855065 1.8009347314613715701e-07
1.9999999999995714539 0.70755796070908061335 1.3205589436125775541e-06
2.0499999999996325606 -0.62165963829506598604 6.0035411920685822658e-06
2.0999999999996936673 -2.5875774711152730312 5.7896813395725298844e-06
2.1499999999997547739 -3.8806063987252472636 1.2309572128155455072e-06
2.1999999999998158806 -4.4067496580646858817 1.6659307303562225021e-07
2.2499999999998769873 -4.5925376721200770191 1.7740562728080893582e-08
2.299999999999938094 -4.6412887271542464518 8.1871039978147520039e-11
2.3499999999999992006 -4.6084888388466769271 1.0973476853324439568e-08
2.4000000000000603073 -4.456747479893617303 1.1397626345510450485e-07
2.450000000000121414 -4.017659220035929124 8.7122052578874145068e-07
2.5000000000001825207 -2.8956654003692920973 4.7156126416992763241e-06
2.5500000000002436273 -0.9638157423299774651 6.9116962724017784984e-06
2.600000000000304734 0.53942783569914110053 1.8386311487632340479e-06
2.6500000000003658407 1.1908231404725460045 2.6151794573615610805e-07
2.7000000000004269474 1.4261422236620246995 3.0168858871197749785e-08
2.750000000000488054 1.4964298439158318921 9.8381914535129123637e-10
2.8000000000005491607 1.4814338769751940195 5.6435941558259137334e-09
2.8500000000006102674 1.3640417668065405454 7.1412298198899231297e-08
2.9000000000006713741 1.0124908945113735292 5.6749646862304299073e-07
2.9500000000007324807 0.081804984238166039701 3.4799699485092260128e-06
3.0000000000007935874 -1.7399477203330548924 7.5362391566596795289e-06
3.0500000000008546941 -3.4385708430120032197 2.6784810953696083208e-06
3.1000000000009158008 -4.2394557718395020629 4.0758458769330966638e-07
3.1500000000009769074 -4.5356873648364022245 4.9651406130240774705e-08
3.2000000000010380141 -4.6310218280146315806 3.0531811042127857124e-09
3.2500000000010991208 -4.6330786408428119572 2.4259367326152209577e-09
3.3000000000011602275 -4.5442055550664353092 4.4097223622368875752e-08
3.3500000000012213341 -4.2639312189790778973 3.662374644868859083e-07
3.4000000000012824408 -3.5016071310002230277 2.4517892294690408637e-06
3.4500000000013435475 -1.8477300003609151702 7.4456867676616704692e-06
3.5000000000014046542 0.0068897681950470194417 3.764301101930364659e-06
3.5500000000014657608 0.98203929467949457877 6.3028185137555444488e-07
3.6000000000015268675 1.3532132215483818616 8.0077339247491666869e-08
3.6500000000015879742 1.478343285395683715 6.7097686539254295054e-09
3.7000000000016490809 1.4975559171163368433 6.6829455202293871766e-10
3.7500000000017101875 1.4327716333524864734 2.6620114906842174693e-08
3.8000000000017712942 1.2104198751254839905 2.3457757015914274691e-07
3.8500000000018324009 0.59156344257014836785 1.6713766959177375967e-06
3.9000000000018935076 -0.86118968664028872073 6.6732250808200204714e-06
3.9500000000019546142 -2.8087524173453211063 5.0320491373626886065e-06
4.0000000000020152768 -3.9799540709414915618 9.6499817080531509658e-07
4.0500000000018987478 -4.4430769494885735682 1.2745530154622783617e-07
4.1000000000017822188 -4.6042097864503404026 1.2694496126230478268e-08
4.1500000000016656898 -4.64154050261951312 1.4023429587645221813e-11
4.2000000000015491608 -4.5976080781975126044 1.5485349781875395817e-08
4.2500000000014326318 -4.4223835522869183734 1.4916035716176102347e-07
4.3000000000013161028 -3.9232138777007676822 1.1136443592532508817e-06
4.3500000000011995738 -2.6810353259369872347 5.4793793542471445931e-06
4.4000000000010830448 -0.71929534391664229354 6.294125012866741821e-06
4.4500000000009665158 0.66118111715950367291 1.4570944834330385959e-06
4.5000000000008499867 1.2363876075355169082 2.0098401450274398436e-07
4.5500000000007334577 1.4414643781608269535 2.2217541465891391327e-08
4.6000000000006169287 1.4987816891818586118 3.3029714292602895814e-10
4.6500000000005003997 1.4735029186901134057 8.4521937027271854139e-09
4.7000000000003838707 1.3367959334940429095 9.4043994251429788867e-08
4.7500000000002673417 0.9361353852037823664 7.3044542136169910149e-07
4.8000000000001508127 -0.10414797847957538157 4.1855287441138565495e-06
4.8500000000000342837 -1.998802593827394336 7.2476951653470177644e-06
4.8999999999999177547 -3.5861138461934012334 2.1563853233145973834e-06
4.9499999999998012257 -4.296397701060553409 3.1455988047521234408e-07
4.9999999999996846967 -4.5554222284789460673 3.7198237189631465862e-08
5.0499999999995681677 -4.6355916295478385436 1.6813282814182681758e-09
5.0999999999994516386 -4.6277006387203787341 4.0998321229726210073e-09
5.1499999999993351096 -4.5227427121806593746 5.8611323530811965056e-08
5.1999999999992185806 -4.2025132683822512547 4.7382197866445803181e-07
5.2499999999991020516 -3.3445480438992856165 3.0245358464441999818e-06
5.2999999999989855226 -1.5866584995235324396 7.589994576643628978e-06
5.3499999999988689936 0.18280596492678113929 3.0996824845314993415e-06
5.3999999999987524646 1.0529325619960792082 4.8874278882777234081e-07
5.4499999999986359356 1.3783384550082227182 6.0640149233274610973e-08
5.4999999999985194066 1.4853599979442675405 4.3413180910612715143e-09
5.5499999999984028776 1.4944614901346777724 1.5468904713274977513e-09
5.5999999999982863486 1.4160308450212755194 3.5899715033302512151e-08
5.6499999999981698195 1.1612126238426703217 3.0479201936696626105e-07
5.6999999999980532905 0.46131706470965977429 2.0989968569811226756e-06
5.7499999999979367615 -1.111843447009581487 7.1972381915490887255e-06
5.7999999999978202325 -3.0137615485231941115 4.2749177052195285928e-06
5.8499999999977037035 -4.0678116439782536773 7.5293753894532331916e-07
5.8999999999975871745 -4.4748279933610808357 9.7204694432603010593e-08
5.9499999999974706455 -4.6140246557641493297 8.8496724998525778818e-09
5.9999999999973541165 -4.6405745614184814585 2.7562941027460175002e-10
6.0499999999972375875 -4.5847572229055231219 2.1389736024082347935e-08
6.0999999999971210585 -4.3831014152777054704 1.946439954387262348e-07
6.1499999999970045295 -3.8165744251103674856 1.4159268239752261596e-06
6.1999999999968880005 -2.4510906145412896251 6.2107895563633717552e-06
6.2499999999967714714 -0.48762396791044826383 5.5708857147877871758e-06
6.2999999999966549424 0.76937980785661097549 1.1468608798132903835e-06
6.3499999999965384134 1.2763074788190034159 1.5406880088761942147e-07
6.3999999999964218844 1.4545680165109897697 1.6119231843256829173e-08
6.4499999999963053554 1.4998958090940697208 2.8027278059547263486e-11
6.4999999999961888264 1.4639009737495021213 1.2170875039629889085e-08
6.5499999999960722974 1.3055618836508189329 1.2336307419443217262e-07
6.5999999999959557684 0.84958917100028386038 9.366472035194611443e-07
6.6499999999958392394 -0.30712900848363505757 4.9393085701707836963e-06
6.6999999999957227104 -2.250575713006794043 6.7457789999247639036e-06
6.7499999999956061814 -3.7181644610625088632 1.7189006685561013307e-06
6.7999999999954896523 -4.3463908326833937679 2.4216669570816092205e-07
6.8499999999953731233 -4.572468136733316868 2.7618246562571869357e-08
6.8999999999952565943 -4.6388416632280513596 7.538133440889049301e-10
6.9499999999951400653 -4.6208675747022791569 6.3845725868377457659e-09
6.9999999999950235363 -4.4980373084818019436 7.7445943577750065089e-08
7.0499999999949070073 -4.1327040653443729568 6.1126774371455377706e-07
7.0999999999947904783 -3.1706975699801374091 3.6798990337666041012e-06
7.1499999999946739493 -1.3253164717713139531 7.4765521745576010097e-06
7.1999999999945574203 0.34186599104092552093 2.5165492008383941923e-06
7.2499999999944408913 1.1153151215958616582 3.7789359754675016169e-07
7.2999999999943243623 1.400173653181048028 4.5659947486715910862e-08
7.3499999999942078333 1.4909088287005010098 2.6003292696503686526e-09
7.3999999999940913042 1.4900552279476926287 2.8605638224569232387e-09
7.4499999999939747752 1.396638503039455026 4.7964313194348787224e-08
7.4999999999938582462 1.1051574280395644045 3.9504897248951374416e-07
7.5499999999937417172 0.31570342260277411972 2.610638990400307584e-06
7.5999999999936251882 -1.3700563056373964432 7.514166213474324189e-06
7.6499999999935086592 -3.2017912451301868693 3.5618657067304965122e-06
7.6999999999933921302 -4.1453420273241610161 5.8521651492445197285e-07
7.7499999999932756012 -4.5025312868711173664 7.3850902225070252151e-08
7.7999999999931590722 -4.6221502055302776668 5.9422320747997200347e-09
7.8499999999930425432 -4.6383743300464521653 8.8471986155192133559e-10
7.8999999999929260142 -4.5697168543112827166 2.9090574790493380988e-08
7.9499999999928094851 -4.3382579113067833987 2.5334430435603003636e-07
7.9999999999926929561 -3.6965265776491578187 1.7883115934173160985e-06
8.0499999999929308103 -2.2079769967873708048 6.8448250638369160449e-06
8.0999999999931695527 -0.27105443375390558813 4.8079210783350732851e-06
8.149999999993408295 0.86523761988660075062 8.9773451789648077833e-07
8.1999999999936470374 1.311235327361225389 1.1777071194547788255e-07
8.2499999999938857798 1.4656768296680018349 1.145684817271028179e-08
8.2999999999941245221 1.4997913194152161509 5.6176251157059956764e-11
8.3499999999943632645 1.452463739451340663 1.7054888923179823076e-08
8.3999999999946020068 1.269819207753176693 1.6130156051822186699e-07
8.4499999999948407492 0.75169666642108790011 1.1955413960183090989e-06
8.4999999999950794916 -0.5264158825288646204 5.6997418383850291759e-06
8.5499999999953182339 -2.4916172039718240683 6.0901116361970459125e-06
8.5999999999955569763 -3.8358220559801252669 1.3592676341195103815e-06
8.6499999999957957186 -4.3902293748477108082 1.8597655337694251733e-07
8.699999999996034461 -4.5871150468631052277 2.025976801279097796e-08
8.7499999999962732034 -4.6408276768081879737 2.0673619789465326682e-10
8.7999999999965119457 -4.6124623671354108012 9.4373061610555199026e-09
8.8499999999967506881 -4.4696731188471501284 1.0186357374922783061e-07
8.8999999999969894304 -4.0534788133229238127 7.8597417857339588781e-07
8.9499999999972281728 -2.9797237630992907675 4.4029003790160576443e-06
8.9999999999974669151 -1.0681198435738095132 7.1204000776867486992e-06
9.0499999999977056575 0.48476557260080926914 2.0196791638804888676e-06
9.0999999999979443999 1.170133855099304343 2.9143070612374317866e-07
9.1499999999981831422 1.4190881704412412478 3.412639164165859218e-08
9.1999999999984218846 1.4950848994648961998 1.366968193302231241e-09
9.2499999999986606269 1.4842615699071821656 4.6997824988624827785e-09
9.2999999999988993693 1.3742655807667554235 6.3631382916225326835e-08
9.3499999999991381117 1.0413820978002163997 5.1069010574189618642e-07
9.399999999999376854 0.15378616779426984573 3.2083958185679431418e-06
9.4499999999996155964 -1.6316702386581554141 7.5834341189000974311e-06
9.4999999999998543387 -3.3727191094565376339 2.9200008149646800892e-06
9.5500000000000930811 -4.2136385932927211684 4.5339392181605138836e-07
9.6000000000003318235 -4.5266513461681752162 5.5839907275492783462e-08
9.6500000000005705658 -4.6287255835830771744 3.7723712544766153011e-09
9.7000000000008093082 -4.6349020615722436034 1.883268215751801154e-09
9.7500000000010480505 -4.5522306372337455471 3.9113245312913686984e-08
9.8000000000012867929 -4.2871295019908943758 3.2894093671830181959e-07
9.8500000000015255353 -3.5618877210100365893 2.2399693534988264329e-06
9.9000000000017642776 -1.9547080186467136187 7.3138587638523082615e-06
9.95000000000200302 -0.070969093537857533271 4.0599378960182096348e-06
