0.050000000000000009714 -1.2336852421978548033 -0.00011422578066241453909
0.10000000000000004718 -0.31355319549510130006 -0.0001143816894692464538
0.14999999999999996669 -0.98787374687809970109 -0.00011454631056679047581
0.19999999999999978906 -3.3480603906310957285 -0.00011440023876119232457
0.24999999999999961142 -4.4094935178599774517 -0.00011480419108299108513
0.29999999999999943379 -2.9807746050688379569 -0.00011470436768505382248
0.34999999999999925615 -2.5495347351034132188 -0.00011494488042543415268
0.39999999999999907851 -2.7588778333697123735 -0.00011448821378905111093
0.44999999999999890088 -1.8115971198613318727 -0.00011448935704807859735
0.49999999999999872324 -0.4332647605661799628 -0.00011467488538965004427
0.54999999999999937828 -0.56901016609083476805 -0.00011448189073098050074
0.60000000000000008882 -0.16200077164129206286 -0.00011451754297405806441
0.65000000000000079936 -0.40654060363412819479 -0.00011427561440563460422
0.7000000000000015099 -0.20562443919832745776 -0.00011480719398129012412
0.75000000000000222045 0.011759861765591801686 -0.00011468658741485936842
0.80000000000000293099 -0.36304496854696394204 -0.00011479569952045864901
0.85000000000000364153 -0.57100968464952395198 -0.00011473878627210849573
0.90000000000000435207 -0.17868828989402546492 -0.00011450636358682956639
0.95000000000000506262 -1.0095522331545889738 -0.00011448984097427758293
1.0000000000000057732 -0.9505288165997314298 -0.00011436473146172298338
1.0500000000000064837 -0.21048150379234262242 -0.00011443930948331678809
1.1000000000000071942 -2.0653770952589285415 -0.00011431935375901542263
1.1500000000000079048 -2.5756827876407824007 -0.00011446558558553422821
1.2000000000000086153 -2.8998736279000953964 -0.0001146161891203790811
1.2500000000000093259 -3.1367346276966778795 -0.00011460760071115396515
1.3000000000000100364 -3.2909702212035512048 -0.00011476421261398792636
1.350000000000010747 -2.9750123337520619771 -0.00011459589429524448946
1.4000000000000114575 -3.4257958959866812165 -0.00011440361422727643112
1.450000000000012168 -2.9992492344458896447 -0.00011492283237239236124
1.5000000000000128786 -2.359608470938966196 -0.00011434663028399217244
1.5500000000000135891 -2.9335566852964714002 -0.00011457362754542632492
1.6000000000000142997 -2.9816176545426933409 -0.00011492588620592972715
1.6500000000000150102 -3.7046399881280103195 -0.00011474784762166529784
1.7000000000000157208 -3.1024909408407816969 -0.0001149674927459949929
1.7500000000000164313 -3.5349349961974483314 -0.00011481849020603032002
1.8000000000000171418 -3.6660804296745079789 -0.00011474187727792890844
1.8500000000000178524 -5.8353693571342244439 -0.00011463363753627984305
1.9000000000000185629 -5.9217873160404881361 -0.00011456213521453679745
1.9500000000000192735 -5.5346096127423249911 -0.00011441792363231937583
2.000000000000019984 -6.6829215492769051821 -0.00011437580384657643554
2.0500000000000171418 -6.684147025989593871 -0.00011416678545733309003
2.1000000000000142997 -7.3379937562174335497 -0.0001143279360518271461
2.1500000000000114575 -8.5129061394858727141 -0.00011475320189001274112
2.2000000000000086153 -11.277828986208223938 -0.00011481625941711618593
2.2500000000000057732 -12.249438087865826219 -0.00011466747629634228335
2.300000000000002931 -12.206512304838565086 -0.00011452596967981085857
2.3500000000000000888 -11.731489731354301398 -0.00011440722669652783269
2.3999999999999972466 -12.672155374602242617 -0.00011456627843492790577
2.4499999999999944045 -12.301754195921862589 -0.00011458098834430398532
2.4999999999999915623 -12.651901101879975187 -0.00011466627660483234418
2.5499999999999887201 -12.590362436881145314 -0.00011461421788082556148
2.599999999999985878 -11.762983229275336683 -0.00011424605078805173273
2.6499999999999830358 -11.692470046518828042 -0.00011445127941813003759
2.6999999999999801936 -13.411741002380990651 -0.00011483862027931043229
2.7499999999999773515 -14.151896668321532147 -0.00011444933940529037318
2.7999999999999745093 -13.343034867818621692 -0.00011453826077598563765
2.8499999999999716671 -12.873688394709583704 -0.00011476855022753648953
2.8999999999999688249 -13.432326685978086545 -0.00011479421053671901194
2.9499999999999659828 -13.501635567128616344 -0.00011509119824148477816
2.9999999999999631406 -13.324248734776537262 -0.00011481816962592734249
3.0499999999999602984 -13.184195096354457633 -0.00011462508016619721545
3.0999999999999574563 -13.063010852233242431 -0.00011449164156639935678
3.1499999999999546141 -12.852197548180175346 -0.0001147784396952470135
3.1999999999999517719 -12.30015775924039545 -0.00011437370360833786387
3.2499999999999489297 -11.805211148048419645 -0.00011492920525524346264
3.2999999999999460876 -9.7712378145913216798 -0.00011453308093025193007
3.3499999999999432454 -10.506941006235843261 -0.00011477421866922798434
3.3999999999999404032 -12.255080683877068282 -0.00011456457499053815656
3.4499999999999375611 -12.149447027409740585 -0.00011457784048468489901
3.4999999999999347189 -11.600072749108644388 -0.00011458641022736630816
3.5499999999999318767 -12.327342088609047011 -0.00011458883083799251558
3.5999999999999290345 -12.121767799250870112 -0.00011500817784377049299
3.6499999999999261924 -12.049612000446641602 -0.00011481012127789554295
3.6999999999999233502 -12.268323905069525637 -0.00011469915414995708873
3.749999999999920508 -11.794777820616625164 -0.00011458238239318721888
3.7999999999999176659 -12.24808508615666014 -0.00011445773326142578616
3.8499999999999148237 -11.920444583518621684 -0.00011447184919132786108
3.8999999999999119815 -11.962959447835759264 -0.00011425653377381090269
3.9499999999999091393 -11.625153430518587072 -0.00011454442051731397007
3.9999999999999062972 -11.687312880145146465 -0.00011477950424983813984
4.0499999999999038991 -11.415670761667955801 -0.00011456234549848983545
4.0999999999999010569 -10.905034340626013289 -0.00011444527666278813067
4.1499999999998982148 -10.069442723828524677 -0.0001149339354518099049
4.1999999999998953726 -9.8396535864052783182 -0.00011444100062414423421
4.2499999999998925304 -10.178458610383790628 -0.00011468658749729239801
4.2999999999998896882 -9.2298168663943975787 -0.00011463915421445287825
4.3499999999998868461 -9.9215695326622146411 -0.00011434788544006333237
4.3999999999998840039 -11.009838607182510728 -0.00011467416842623664173
4.4499999999998811617 -11.499507066875901629 -0.00011488031560008882584
4.4999999999998783196 -12.272000660429492669 -0.00011456927744249597277
4.5499999999998754774 -11.475309705591657305 -0.00011464762438085279511
4.5999999999998726352 -12.404779790910215098 -0.00011484926879352645615
4.649999999999869793 -12.151060157549078866 -0.00011462893864912263541
4.6999999999998669509 -9.2956639823994979821 -0.0001144061153829061938
4.7499999999998641087 -8.0446742172154355188 -0.00011451595514784984782
4.7999999999998612665 -10.248619810260503726 -0.0001145248928387877015
4.8499999999998584244 -9.8770616335673793174 -0.00011469499342022524205
4.8999999999998555822 -8.5063660154991396212 -0.00011465125632175183893
4.94999999999985274 -9.9349321584412955133 -0.00011466888830212896427
4.9999999999998498978 -9.6743325631189360791 -0.00011446826333158504208
5.0499999999998470557 -9.4030601989841322563 -0.00011436267304812347361
5.0999999999998442135 -8.6024449637553779269 -0.00011443746970579563634
5.1499999999998413713 -8.5401844329050291549 -0.00011440230329870093985
5.1999999999998385292 -9.9743518715272756481 -0.0001148573250959760469
5.249999999999835687 -11.177247246607526776 -0.00011439557906239259137
5.2999999999998328448 -10.480552363600112997 -0.00011458963330502454846
5.3499999999998300027 -10.884401632039708119 -0.00011463251303579014343
5.3999999999998271605 -11.825599777716297112 -0.00011519951061665894675
5.4499999999998243183 -11.689977220041379624 -0.00011435673307057357825
5.4999999999998214761 -12.596227475040835841 -0.00011479026839217700354
5.549999999999818634 -13.282650480854838904 -0.00011455218201532360004
5.5999999999998157918 -13.513784986196418103 -0.00011469675515472668812
5.6499999999998129496 -13.252255952216485113 -0.00011497122931095507905
5.6999999999998101075 -13.271711495721758567 -0.00011447536680224828793
5.7499999999998072653 -12.275633488096037382 -0.00011467428291781136412
5.7999999999998044231 -11.992289418010958713 -0.00011452994852907070469
5.8499999999998015809 -12.693313413055363981 -0.00011455616058172060168
5.8999999999997987388 -10.608001121294210023 -0.00011471554509542016508
5.9499999999997958966 -11.362239940514688996 -0.00011486362259686092198
5.9999999999997930544 -13.375539995716581032 -0.00011454143013260111343
6.0499999999997902123 -12.527858438760732795 -0.0001143674363275060113
6.0999999999997873701 -10.957628632413603853 -0.00011453514486240519345
6.1499999999997845279 -8.3229877697600702646 -0.00011459499408501255661
6.1999999999997816857 -6.0341257621538728628 -0.00011453211223221864312
6.2499999999997788436 -6.1035066579639103423 -0.00011449805091801104606
6.2999999999997760014 -5.7565862130509799499 -0.00011466832983102713539
6.3499999999997731592 -6.1771091307122727443 -0.00011435173580404466378
6.3999999999997703171 -5.2580597755740123844 -0.00011462489906057030098
6.4499999999997674749 -6.4745864937063499767 -0.00011455498867671553035
6.4999999999997646327 -6.0391704041631282252 -0.00011453522975002114579
6.5499999999997617905 -5.4805345707641128783 -0.00011452427932106484332
6.5999999999997589484 -6.5385138383760370573 -0.00011451025788528852224
6.6499999999997561062 -5.7956521598730557088 -0.00011502492960761178309
6.699999999999753264 -7.2760921377686447187 -0.00011459921177357499972
6.7499999999997504219 -5.6552704687895225533 -0.00011431695058526037605
6.7999999999997475797 -5.422951950196968518 -0.00011465863111596706235
6.8499999999997447375 -7.4943801898330688616 -0.0001145167520422930358
6.8999999999997418954 -6.8887052135550419507 -0.00011473444281848916887
6.9499999999997390532 -5.2424247925030540429 -0.00011483569440913496472
6.999999999999736211 -3.1661148762137467649 -0.00011451223067623021018
7.0499999999997333688 -2.4943027776998389911 -0.00011426967657102336741
7.0999999999997305267 -2.0013337053981876679 -0.00011446297843622741405
7.1499999999997276845 -2.7744388341136154708 -0.00011468548756154687163
7.1999999999997248423 -2.5340898959479090102 -0.00011443587912527771356
7.2499999999997220002 -2.4394185140782620458 -0.000115078329903937405
7.299999999999719158 -2.5775355108564701467 -0.00011477976342694358979
7.3499999999997163158 -2.0343007458570632195 -0.00011429529418987337893
7.3999999999997134736 -2.2252838236616980794 -0.00011440783208651708375
7.4499999999997106315 -1.7449517237140850234 -0.00011456551544826767128
7.4999999999997077893 -0.29406271516807225286 -0.00011464854092967281677
7.5499999999997049471 0.13290561612979090444 -0.00011423542086023283294
7.599999999999702105 -2.1372525252833831644 -0.00011508371506920833638
7.6499999999996992628 -3.3176642864179948234 -0.00011485468514001248173
7.6999999999996964206 -3.6157284613139899498 -0.00011449195179992667374
7.7499999999996935784 -2.9153959189214448955 -0.00011461546767339903018
7.7999999999996907363 -2.6904929900475273996 -0.00011459306025150595197
7.8499999999996878941 -1.3412099806660700008 -0.00011433272042499152926
7.8999999999996850519 -0.51652219323511749938 -0.00011438964188689346949
7.9499999999996822098 0.43907857246310361132 -0.00011468652409511858746
7.9999999999996793676 -0.38960835232658586058 -0.00011490690194881735117
8.0499999999996898481 -0.8013433742462089393 -0.00011452945404544575972
8.0999999999997012168 -0.2947766943413639984 -0.00011510250697850760659
8.1499999999997125855 -0.40163949826734568482 -0.00011453654807755719099
8.1999999999997239541 -0.3081436551757553155 -0.00011442463826011507614
8.2499999999997353228 0.06778599032801158053 -0.00011455031174673462068
8.2999999999997466915 0.25389697036146674503 -0.00011439589839155964992
8.3499999999997580602 0.042579953738891160309 -0.00011456232861714132996
8.3999999999997694289 0.01874480734466210663 -0.00011466818216031711116
8.4499999999997807976 -0.38822884676529539894 -0.00011457547300288700048
8.4999999999997921662 -0.09623879768906010157 -0.00011467428957021881661
8.5499999999998035349 -0.8067307422360483482 -0.00011477275341429146293
8.5999999999998149036 -0.010236671586982094145 -0.00011426208589659815477
8.6499999999998262723 0.67788072463949422541 -0.00011462158842096960916
8.699999999999837641 0.80515452606790194334 -0.00011425106083437720956
8.7499999999998490097 -0.53032360252232757514 -0.00011473935178465491402
8.7999999999998603784 -0.85262524773100323294 -0.00011477223965433435988
8.849999999999871747 0.24244863425083512665 -0.00011475383743132859093
8.8999999999998831157 0.51399639989128542705 -0.00011477550592571436573
8.9499999999998944844 0.88266310896468058722 -0.00011433672013925040784
8.9999999999999058531 0.69449177240947546075 -0.0001146088864847803556
9.0499999999999172218 1.6678712214211004472 -0.00011438218739824793763
9.0999999999999285905 3.1527608072744151002 -0.00011463422498451750762
9.1499999999999399591 3.7476371324045745226 -0.00011450865463271788836
9.1999999999999513278 2.9666261582184731971 -0.00011455128223441066887
9.2499999999999626965 1.9929198440961650718 -0.00011445635835327477826
9.2999999999999740652 0.42849446752433684171 -0.00011470654938537979534
9.3499999999999854339 -2.180255241098502772 -0.00011456373429839446264
9.3999999999999968026 -2.7810426282012756793 -0.00011437673616095672831
9.4500000000000081712 -1.9684719839245976569 -0.0001147097655299684116
9.5000000000000195399 -3.2104077942899769127 -0.00011467322043806647337
9.5500000000000309086 -3.1942701216264968167 -0.00011467582544085715482
9.6000000000000422773 -3.0457784485941670205 -0.00011475306484647244758
9.650000000000053646 -2.8814032995419540661 -0.00011466431926253459368
9.7000000000000650147 -3.4110367367545681994 -0.00011447607276103593165
9.7500000000000763833 -3.0489444674276771075 -0.00011447670665298507596
9.800000000000087752 -2.3538235640169293816 -0.00011456515390740648456
9.8500000000000991207 -0.87790301980325302633 -0.00011448719322322816546
9.9000000000001104894 -0.4429281270918600244 -0.00011443819501822038119
9.9500000000001218581 0.4931449148237045943 -0.0001144777549955661557
